3.011770535536577
-3.8617455619845478
4.51385671610206
1.6385284443137866
-0.5586500009523103
-4.896351119591832
0.9300884698064582
2.4060564007397254
4.053388564552945
-1.2948089656953101
4.035522521839866
-2.6198913317109627
-0.6130513425295465
2.2994171155449648
0.6798687370067267
3.3883819445405816
-0.5007243147795712
1.7244217121495895
3.570497742896535
4.6152756323748605
0.9096848531187138
-3.4962715192718816
-0.9938877165489988
2.475945527663118
-4.297144615455279
4.806454229821396
-4.1570608152978
-3.873468225686303
-4.074816825507659
0.7205043328371952
3.3881795674063326
4.274796774293565
-4.733974979877836
2.5893747161466365
4.413218035647892
-4.656562419098168
-1.57217119874133
2.720429009802274
-4.648425084433015
2.2295144682991133
-0.1531226576702016
-2.8316087752247276
-3.652829638670576
3.6207451754049504
-1.4848193322105696
3.601731957703908
4.154689032111509
-3.6650550801889983
-3.269048011067115
-2.472706335586665
-1.237720479975307
-1.7562891724593834
-3.5970919092325246
2.311076276400664
-0.09691222931048671
4.1572608214350755
-1.6304572355620572
1.7370614464283491
-3.3434297420780466
-2.2994255739794625
-4.053163330932633
-3.020927760221803
3.7554534962084833
-2.144391896987355
1.162564468475936
-4.980245806178381
-0.6186625395251841
-4.22192557924596
3.485948886143028
-0.9015809474267673
-0.6164427063513784
-4.306606570232214
-2.3325239582536184
-4.356578363668979
3.6743003932189993
0.131261783104768
-0.006131302804329053
3.050438616415578
-3.9373286839260224
2.7795725259246415
4.28346704051412
-2.7550832439988406
-3.5858475098894784
3.1679166036275106
1.1249361729955112
-1.935055128766371
-1.363919037709965
3.508679997491104
-4.863727120352817
1.8479674804226534
-4.132695999499402
-4.634287931818127
3.696053005241083
-2.7487627782297186
-2.8801359487808584
-2.9808613760535865
-1.8176370425296273
4.791336010099089
3.9632051626481797
