1.6706912892981
-3.45151025978049
4.34366578369283
2.189065079957
-0.356430828382327
0.326773037068428
-1.15144428627588
-0.61035710716390
0.5840875780452
3.78499387646074
-3.4301507654867
-0.39666026879260
-0.119964621109392
-1.56662906950932
3.50778718142267
-1.85916661030157
-4.6087791787056
2.61482598273023
-0.082613322347270
-1.00062590547565
1.68020029905484
-2.88054491296589
-2.43412655475701
4.063309507835
0.74501290348613
-1.8454008607589
0.54559043061788
-3.0621724543513
-0.427636694547238
4.2176971413535
-0.99933907459445
3.22299267413305
-0.95258482758828
0.89966643688356
-3.1827547284428
-3.2798713811568
3.8299324578210
-1.16156784246779
-1.65756436077499
2.7499281985609
-3.8297226918919
-1.74384677893425
0.71410695547448
1.87522764770760
-2.89322515948166
0.269532777737216
4.9674884858500
2.04016119742197
3.6780142204822
2.1070812263019
4.3706943196646
-3.5081012122629
1.82585901996899
3.9787849377210
0.5670526141200
-2.06114662708708
3.85825113971254
-1.66277147375688
-3.428569729846
-1.08451924733922
3.7480927000309
0.226603253413885
-4.09269194039114
0.45523055431220
-4.8514524812319
0.17407738771299
1.5527522142981
3.94289541283114
-0.62678481444940
4.4378802299137
-0.64180368518106
-4.9846671382938
-0.646377714693
-4.24261630660643
-2.97593634240704
-2.32930442653590
-4.6624361396444
1.82600340902636
2.2169589951868
-2.39848895557122
0.68584550363230
0.90779318817870
-1.32824477158894
-3.2317784187731
-4.0928762322121
-3.32729452445504
1.37895095252261
-3.51147561276891
2.05199673491725
2.27381366297036
-1.65502311129331
-1.56108464115486
-3.90999739078186
0.69575700194363
0.85155308775135
-2.14691572198471
-4.7981883551262
-0.9458437924959
-0.97504083406991
