2.5546950385226754
-0.5007860784435731
4.5019118915293035
4.530798146385839
-1.9549024243246804
2.9925968715278293
-2.0436937705375726
-3.1537891027235956
-0.7311865614240434
-4.121251510527266
-2.119322275540454
-3.2079829990211173
0.897404649594292
-4.272961494522144
-1.3111976913807224
2.919525746519046
2.328866717202218
2.8443191974995665
-3.0852210717039616
0.9560055283377631
3.68294974286019
3.926884268309651
3.8408205229562125
-3.9128886828330014
-1.5476935419887337
4.774354728406291
1.9567030066694393
-4.815912364589008
3.7468168650500235
1.4421005868520789
1.525188893895125
-0.25272953958364397
1.814077545921461
-4.0633505717523
-0.8719831440992829
4.261687480378686
-2.620899645477457
0.6408977047888804
-1.5987142049426128
4.186431978053459
2.8699679963020905
4.9617904382125815
-2.6743248462435054
-1.5745131635010399
-2.570815842634968
3.7862743214016543
-4.501305320196101
0.2343305521088812
4.5404925782366234
4.111771269366978
1.038710704835485
-1.7012510725109973
-4.25692575493019
-1.3020458548859928
-3.6682486815342576
0.8381600531141782
1.0177109965643174
-3.241397301767236
-0.20568097038815036
-0.19650629797984287
2.6771651707488555
-0.7690500334272334
-4.076301156936598
2.1665511810823856
-2.3706289210429556
-3.993903277785419
-2.894558420572978
3.4261628036637752
-3.3535609807108155
-2.9528687742694704
0.26331486747444455
3.0346451769161096
0.044563778143627
-3.3678703945681
-1.1997296189684228
3.8546359405100254
-2.3016672700473717
-0.11064051330239977
4.97593194148172
-0.4368615073902191
2.417340710385748
3.3930673007393857
-1.6927637465310905
-4.281727667079052
1.424568485547982
0.8032589588544372
3.0522435640257335
-3.1005781595798068
-1.7581685132829539
-2.052420298338755
3.0582481820212966
4.108461982973251
3.5495384484632115
-0.24318713757130972
-0.9009179390924063
-1.7066612759959465
-4.4329235395936895
1.3610751040016398
-3.123944240165174
